label: "Accio"
id: 412eab8e4058621f7036b5e765dfe812
cameras:
- camera:
    label: cam0
    id: 54812562fa109c40fe90b29a59dd7798
    line-delay-nanoseconds: 0
    image_height: 480
    image_width: 640
    type: pinhole
    intrinsics:
      cols: 1
      rows: 4
      data: [603.420654296875, 602.5958251953125, 327.1630859375, 244.07200622558594]
    distortion:
      type: radial-tangential  
      parameters:
        cols: 1
        rows: 4
        data: [0,0,0,0]
  T_B_C:
    cols: 4
    rows: 4
    data: [ 0.0000060,  0.0020000,  0.9999980,  0.360,
          -0.9999820,  0.0059999, -0.0000060,  0.064,
           -0.0059999, -0.9999800,  0.0020000,  0.247,
           0,     0,     0,    1 ]

imu_params:
  delay_imu_cam: 0.0
  max_imu_delta_t: 0.01
  acc_max: 176.0
  omega_max: 17
  sigma_omega_c: 0.05
  sigma_acc_c: 0.1
  sigma_omega_bias_c: 4.0e-05
  sigma_acc_bias_c: 7.1765713730075628e-04 
  sigma_integration: 0.0
  g: 9.8082
  imu_rate: 101

imu_initialization:
  velocity: [0.0, 0, 0.0]
  omega_bias: [0.0, 0, 0.0]
  acc_bias: [0.0, 0.0, 0.0]
  velocity_sigma: 2.0
  omega_bias_sigma: 4.0e-05
  acc_bias_sigma: 7.1765713730075628e-04 